# /sys/devices/system/cpu/cpu0/cpufreq/scaling_available_frequencies
# 300000 403200 499200 576000 672000 768000 844800 940800 1036800 1113600 1209600 1305600 1382400 1478400 1555200 1632000 1708800 1785600

# /sys/devices/system/cpu/cpu4/cpufreq/scaling_available_frequencies
# 710400 825600 940800 1056000 1171200 1286400 1401600 1497600 1612800 1708800 1804800 1920000 2016000 2131200 2227200 2323200 2419200

# /sys/devices/system/cpu/cpu7/cpufreq/scaling_available_frequencies
# 825600 940800 1056000 1171200 1286400 1401600 1497600 1612800 1708800 1804800 1920000 2016000 2131200 2227200 2323200 2419200 2534400 2649600 2745600 2841600

# GPU
# 257000000 345000000 427000000 499200000 585000000 675000000 810000000