1800000 1625000 1500000 1450000 1375000 1325000 1275000 1175000 1100000 1050000 999000 950000 900000 850000 774000 500000

2000000 1950000 1900000 1850000 1800000 1710000 1621000 1532000 1443000 1354000 1295000 1176000 1087000 998000 909000 850000

[0] 1000000
[1] 975000
[2] 950000
[3] 925000
[4] 900000
[5] 875000
[6] 850000
[7] 823000
[8] 796000
[9] 769000
[10] 743000
[11] 716000
[12] 690000
[13] 663000
[14] 637000
[15] 611000
[16] 586000
[17] 560000
[18] 535000
[19] 509000
[20] 484000
[21] 467000
[22] 450000
[23] 434000
[24] 417000
[25] 400000
[26] 383000
[27] 366000
[28] 349000
[29] 332000
[30] 315000
[31] 299000