# Cluster 0
307200 441600 556800 691200 806400 940800 1056000 1132800 1228800 1324800 1440000 1555200 1670400 1804800 1920000 2016000

# Cluster 1
633600 768000 883200 998400 1113600 1209600 1324800 1440000 1555200 1651200 1766400 1881600 1996800 2112000 2227200 2342400 2457600 2572800 2649600 2745600

#Cluster 2
787200 921600 1036800 1171200 1286400 1401600 1536000 1651200 1766400 1881600 1996800 2131200 2246400 2361600 2476800 2592000 2707200 2822400 2918400 2995200 3187200

# GPU
900000000 862000000 815000000 765000000 710000000 645000000 580000000 515000000 439000000 364000000 324000000 285000000 220000000