# CPU 0 ~ 1
307200 460800 556800 672000 787200 902400 1017600 1132800 1248000 1344000 1459200 1574400 1689600 1804800 1920000 2035200 2150400 2265600

# CPU 2 ~ 4
499200 614400 729600 844800 960000 1075200 1190400 1286400 1401600 1497600 1612800 1708800 1824000 1920000 2035200 2131200 2188800 2246400 2323200 2380800 2438400 2515200 2572800 2630400 2707200 2764800 2841600 2899200 2956800 3014400 3072000 3148800

# CPU 5 ~ 6
499200 614400 729600 844800 960000 1075200 1190400 1286400 1401600 1497600 1612800 1708800 1824000 1920000 2035200 2131200 2188800 2246400 2323200 2380800 2438400 2515200 2572800 2630400 2707200 2764800 2841600 2899200 2956800

# CPU 7
480000 576000 672000 787200 902400 1017600 1132800 1248000 1363200 1478400 1593600 1708800 1824000 1939200 2035200 2112000 2169600 2246400 2304000 2380800 2438400 2496000 2553600 2630400 2688000 2745600 2803200 2880000 2937600 2995200 3052800 3110400 3187200 3244800 3302400

# GPU
903000000 834000000 770000000 720000000 680000000 629000000 578000000 500000000 422000000 366000000 310000000 231000000
