2000000 1933000 1866000 1800000 1733000 1666000 1618000 1500000 1375000 1275000 1175000 1075000 975000 875000 774000 500000

2050000 1986000 1923000 1860000 1796000 1733000 1670000 1530000 1419000 1308000 1169000 1085000 1002000 919000 835000 774000

[00] 806000
[01] 792000
[02] 778000
[03] 763000
[04] 749000
[05] 735000
[06] 720000
[07] 706000
[08] 691000
[09] 677000
[10] 663000
[11] 648000
[12] 634000
[13] 620000
[14] 595000
[15] 570000
[16] 545000
[17] 520000
[18] 495000
[19] 470000
[20] 445000
[21] 420000
[22] 395000
[23] 370000
[24] 345000
[25] 320000
[26] 295000
[27] 270000