# /sys/devices/system/cpu/cpu0/cpufreq/scaling_available_frequencies
# 307200 403200 518400 614400 729600 844800 960000 1075200 1171200 1267200 1363200 1478400 1574400 1689600 1785600

# /sys/devices/system/cpu/cpu4/cpufreq/scaling_available_frequencies
# 633600 768000 883200 998400 1113600 1209600 1324800 1440000 1555200 1651200 1766400 1881600 1996800 2112000 2227200 2342400 2419200

# /sys/devices/system/cpu/cpu7/cpufreq/scaling_available_frequencies
# 806400 940800 1056000 1171200 1286400 1401600 1497600 1612800 1728000 1843200 1958400 2054400 2169600 2284800 2400000 2515200 2630400 2726400 2822400

# /sys/class/kgsl/kgsl-3d0/devfreq/available_frequencies
# 818000000 791000000 734000000 640000000 599000000 545000000 492000000 421000000 350000000 317000000 285000000 220000000