# /sys/devices/system/cpu/cpu0/cpufreq/scaling_available_frequencies
# 307200 441600 556800 672000 787200 902400 1017600 1113600 1228800 1344000 1459200 1555200 1670400 1785600 1900800 2016000

# /sys/devices/system/cpu/cpu3/cpufreq/scaling_available_frequencies
# 499200 614400 729600 844800 940800 1056000 1171200 1286400 1401600 1536000 1651200 1785600 1920000 2054400 2188800 2323200 2457600 2592000 2707200 2803200

# /sys/devices/system/cpu/cpu7/cpufreq/scaling_available_frequencies
# 595200 729600 864000 998400 1132800 1248000 1363200 1478400 1593600 1708800 1843200 1977600 2092800 2227200 2342400 2476800 2592000 2726400 2841600 2956800 3187200

# /sys/class/kgsl/kgsl-3d0/devfreq/available_frequencies
# 680000000 615000000 550000000 475000000 401000000 348000000 295000000 220000000