# G90T
2000000 1933000 1866000 1800000 1733000 1666000 1618000 1500000 1375000 1275000 1175000 1075000 975000 875000 774000 500000

2050000 1986000 1923000 1860000 1796000 1733000 1670000 1530000 1419000 1308000 1169000 1085000 1002000 919000 835000 774000

[00] 806000
[01] 792000
[02] 778000
[03] 763000
[04] 749000
[05] 735000
[06] 720000
[07] 706000
[08] 691000
[09] 677000
[10] 663000
[11] 648000
[12] 634000
[13] 620000
[14] 595000
[15] 570000
[16] 545000
[17] 520000
[18] 495000
[19] 470000
[20] 445000
[21] 420000
[22] 395000
[23] 370000
[24] 345000
[25] 320000
[26] 295000
[27] 270000



# 720
2000000 1916000 1812000 1750000 1645000 1500000 1393000 1287000 1128000 1048000 968000 862000 756000 703000 650000 500000
2000000 1953000 1906000 1836000 1790000 1720000 1650000 1534000 1418000 1274000 1129000 1042000 985000 898000 840000 725000

# 800U
2000000 1916000 1812000 1750000 1645000 1500000 1393000 1287000 1128000 1048000 968000 862000 756000
2400000 2306000 2210000 2118000 1993000 1837000 1650000 1534000 1418000 1274000 1129000 1042000 985000 898000 840000 725000


# P65&G80&G85
1800000 1625000 1500000 1450000 1375000 1325000 1275000 1175000 1100000 1050000 999000 950000 900000 850000 774000 500000
2000000 1950000 1900000 1850000 1800000 1710000 1621000 1532000 1443000 1354000 1295000 1176000 1087000 998000 909000 850000
[0] 1000000
[1] 975000
[2] 950000
[3] 925000
[4] 900000
[5] 875000
[6] 850000
[7] 823000
[8] 796000
[9] 769000
[10] 743000
[11] 716000
[12] 690000
[13] 663000
[14] 637000
[15] 611000
[16] 586000
[17] 560000
[18] 535000
[19] 509000
[20] 484000
[21] 467000
[22] 450000
[23] 434000
[24] 417000
[25] 400000
[26] 383000
[27] 366000
[28] 349000
[29] 332000
[30] 315000
[31] 299000