GPU(820-)
133000000 214000000 315000000 401800000 510000000
GPU(821)
133000000 214000000 315000000 401800000 510000000 560000000 624000000 652800000

CPU0(820)
307200 422400 480000 556800 652800 729600 844800 960000 1036800 1113600 1190400 1228800 1324800 1401600 1478400 1593600 1766400
CPU0(821)
307200 384000 460800 537600 614400 691200 768000 844800 902400 979200 1056000 1132800 1209600 1286400 1363200 1440000 1516800 1593600 1728000 1996800 2188800

CPU2(820-)
307200 403200 480000 556800 652800 729600 806400 883200 940800 1036800 1113600 1190400 1248000 1324800 1401600 1478400 1555200 1632000 1708800 1785600 1804800
CPU2(820)
307200 403200 480000 556800 652800 729600 806400 883200 940800 1036800 1113600 1190400 1248000 1324800 1401600 1478400 1555200 1632000 1708800 1785600 1824000 1920000 1996800 2073600 2150400
CPU2(821)
307200 384000 460800 537600 614400 691200 748800 825600 902400 979200 1056000 1132800 1209600 1286400 1363200 1440000 1516800 1593600 1670400 1747200 1824000 1900800 1977600 2054400 2150400 2246400 2342400 2419200
