# /sys/devices/system/cpu/cpu0/cpufreq/scaling_available_frequencies
# 300000 403200 518400 614400 691200 787200 883200 979200 1075200 1171200 1248000 1344000 1420800 1516800 1612800 1708800 1804800

# /sys/devices/system/cpu/cpu4/cpufreq/scaling_available_frequencies
# 710400 825600 940800 1056000 1171200 1286400 1382400 1478400 1574400 1670400 1766400 1862400 1958400 2054400 2150400 2246400 2342400 2419200

# /sys/devices/system/cpu/cpu7/cpufreq/scaling_available_frequencies
#  844800 960000 1075200 1190400 1305600 1401600 1516800 1632000 1747200 1862400 1977600 2073600 2169600 2265600 2361600 2457600 2553600 2649600 2745600 2841600

# GPU
# 587000000 525000000 490000000 441600000 400000000 305000000
